0 0.114497 0.362275 0.147433 0.107075
0 0.178503 0.375919 0.144073 0.131562
0 0.214710 0.383969 0.142580 0.147663
1 0.497567 0.613000 0.985400 0.615000
0 0.256517 0.390269 0.141087 0.164462
0 0.276813 0.398537 0.101093 0.183125
0 0.333403 0.407200 0.143700 0.200850
0 0.372223 0.419100 0.139220 0.223250
0 0.413203 0.428619 0.138473 0.238638
0 0.458383 0.438837 0.141247 0.263025
0 0.512053 0.454288 0.135267 0.284700
0 0.566200 0.466969 0.135120 0.317738
0 0.713183 0.513425 0.107713 0.364000
0 0.790647 0.539025 0.105253 0.394700
0 0.883323 0.594025 0.097780 0.382025
0 0.143423 0.368575 0.146313 0.122475
